2.000000000000000000e+00
2.160000000000000142e+00
2.319999999999999840e+00
2.479999999999999982e+00
2.640000000000000124e+00
2.799999999999999822e+00
2.959999999999999964e+00
3.120000000000000107e+00
3.280000000000000249e+00
3.439999999999999947e+00
3.600000000000000089e+00
3.759999999999999787e+00
3.919999999999999929e+00
4.080000000000000071e+00
4.240000000000000213e+00
4.400000000000000355e+00
4.560000000000000497e+00
4.720000000000000639e+00
4.879999999999999893e+00
5.040000000000000036e+00
5.200000000000000178e+00
5.359999999999999432e+00
5.519999999999999574e+00
5.679999999999999716e+00
5.839999999999999858e+00
6.000000000000000000e+00
6.160000000000000142e+00
6.320000000000000284e+00
6.480000000000000426e+00
6.639999999999999680e+00
6.799999999999999822e+00
6.959999999999999964e+00
7.120000000000000107e+00
7.280000000000000249e+00
7.440000000000000391e+00
7.600000000000000533e+00
7.759999999999999787e+00
7.919999999999999929e+00
8.080000000000000071e+00
8.240000000000000213e+00
8.400000000000000355e+00
8.560000000000000497e+00
8.719999999999998863e+00
8.879999999999999005e+00
9.039999999999999147e+00
9.199999999999999289e+00
9.359999999999999432e+00
9.519999999999999574e+00
9.679999999999999716e+00
9.839999999999999858e+00
1.000000000000000000e+01
