1.000000000000000056e-01
2.176637061435917064e-01
3.353274122871834351e-01
4.529911184307751082e-01
5.706548245743668923e-01
6.883185307179585655e-01
8.059822368615502386e-01
9.236459430051420227e-01
1.041309649148733696e+00
1.158973355292325591e+00
1.276637061435917264e+00
1.394300767579508937e+00
1.511964473723100610e+00
1.629628179866692284e+00
1.747291886010284179e+00
1.864955592153875852e+00
1.982619298297467525e+00
2.100283004441059198e+00
2.217946710584651093e+00
2.335610416728242544e+00
2.453274122871834440e+00
2.570937829015425891e+00
2.688601535159017786e+00
2.806265241302609681e+00
2.923928947446201132e+00
3.041592653589793027e+00
